 0.3545   -5.5684    0.2677
-8.7635   -5.9208   -8.1944
-5.3727    2.4820    4.2457
-7.6303    4.5041    1.5778
-8.0244    6.6873   -7.3781
 7.8055   -9.6221   -7.6541
-9.3322   -5.9576   -8.8421
 6.7807   -0.6181    5.5260
 0.1453   -2.4321   -0.1103
-7.7257   -3.1921    7.7158
-0.1911   -8.7230    0.1459
 1.9888    5.2267    0.9784
-8.1957   -1.9468    3.0092
 9.5645    3.4858   -9.0035
 3.0604    1.0215    1.5977
-0.7774   -8.9709    0.6986
 7.2752   -3.8501   -5.5244
-4.7434    9.3089    4.7116
 6.4793    8.6295   -4.5361
-3.4205   -2.4395    2.6114
 8.8260    2.3534   -6.2235
-5.1178    1.2507   -1.6105
 9.1422    6.6112    8.6547
 0.2165    9.1540   -0.2086
 1.2916   -8.4899   -0.7671
 9.8743    7.7605    0.9218
 5.4197    1.2489    1.7144
-3.7240   -6.1129   -3.6701
-8.8425   -5.5709   -6.6929
-9.1185    4.1153    5.1271
 6.2589    1.9352   -2.2308
-1.7585    1.7259    0.2717
-2.3167    9.3699    2.3132
 0.4625    1.6349   -0.0296
 7.8430   -8.0040   -1.1721
-1.8816   -6.6679   -1.7440
 2.0878   -7.9581   -0.2170
-8.1039   -7.0751   -5.6931
-3.2804    3.4313    3.1437
-7.1032    2.7971    6.6857
-5.1024   -2.5513    4.2389
-2.4206   -6.7425   -2.1696
-4.5936   -2.2096    2.7390
-5.6880    5.9995   -5.4607
 2.6746   -2.0041   -1.1231
 5.9943    5.1024    2.2789
-5.8297   -4.0958    3.3711
 7.9251    2.8001   -7.4675
 4.9142    7.7023    0.7423
 0.7277   -5.8071    0.6468
 9.3993   -0.3929    8.6832
 1.2977   -7.7402    0.1473
-5.6462   -7.3526   -2.7137
 7.1553   -8.7200   -5.4504
 7.2400   -8.4141   -3.8462
-3.7340    2.5391    3.0765
-3.4603   -1.7733    0.6960
 6.8003    2.7718   -6.3406
-0.1493    7.1311   -0.0988
-8.9620    5.2715   -4.7537
 5.5604    9.5232   -5.5335
-1.4666    5.6307   -1.1653
-4.4008    8.7117    3.3284
-3.3298    4.7830   -0.2351
-2.6612   -4.9276   -0.5683
 5.8958    4.3850   -1.8959
-9.2262    3.8703    6.8834
 4.5334    5.4664    3.1033
 7.4537    4.9443    1.7134
-4.2837   -3.6323    3.7782
 3.1370    0.2086    3.0690
-5.3623    5.4613   -3.6510
 2.4391    1.4563    0.2786
-8.4975    9.0770    7.9888
 9.3351   -6.5686    8.9576
 2.1994    8.1447   -0.6304
-2.3257    5.0444   -0.7580
-9.3886   -4.2765    3.9641
 7.1513    2.5482   -5.9288
 2.0709   -0.7434    1.5245
 6.9568   -7.4112    2.9806
 0.0923    0.9877    0.0508
-9.8418    9.3902    9.8359
 8.3815   -1.1572    3.3686
-1.7859    1.8193    0.4392
 4.6473   -7.7806    0.3407
-6.9779   -6.0030   -6.7057
 6.3047   -6.7407    5.6562
 8.1921   -9.2625   -8.0844
 5.5588   -4.5455   -0.9234
 5.1425   -5.3973    3.2533
-1.8960   -2.8291    1.8042
 4.0380   -7.3131    2.0790
 1.3092    9.9719   -1.1181
 1.6947    0.2704    1.6331
-3.1017   -2.2431    1.9316
 4.0847   -5.0029    1.1702
-6.7827   -2.7050    6.1464
-9.9697   -2.0188    4.3190
 1.2400    8.5260   -0.7720
 0.9297   -0.0905    0.9259
 1.0166    2.1837   -0.5848
 3.8907   -9.9038   -3.4528
 8.5499    1.7546   -1.5625
 8.8842    5.5492    6.5969
 8.0653    3.1437   -8.0652
 2.0821    0.5663    1.7571
 8.5242    6.5155    8.2953
-7.6611    9.2487    7.5426
-3.1840   -3.7253    2.6568
-9.2654    5.9417   -8.7304
 0.7674   -4.2965   -0.3100
 4.7446   -9.7021   -4.5633
-6.3755   -8.1170    1.6576
-1.4751   -3.4255    1.4160
-8.0366   -3.8887    5.8963
-3.9356   -9.6396    3.8451
 5.6025   -6.7559    4.9882
 0.7392   -1.1202    0.3219
 5.3814    5.3354    3.1400
 2.7789    3.6251   -2.4603
 7.8630    4.2907   -3.2181
-8.7862   -0.8044   -6.0937
-6.4846    8.3854    3.2859
-1.6734    9.7789    1.5696
 4.7958    8.6520   -3.4338
 7.8591   -0.7695    5.6447
-9.4829    8.0984    2.2952
-7.2487   -2.2710    4.6707
-1.5183    2.0603    0.7139
 5.2913    1.2064    1.8859
 0.4887    6.9168    0.3939
 5.0896   -4.3039   -2.0217
-6.6040    3.2664    6.5527
 3.4545    2.0452   -1.5779
 2.3731    3.1293   -2.3729
-9.8631   -3.8013    7.7934
 4.8045   -3.3671   -4.6828
 9.8347   -6.2361    9.8238
-7.4364   -7.9863    0.9813
-2.7883   -4.2687    1.1969
-6.1785   -2.9035    6.0042
 4.2880    0.7152    3.2371
-6.4427    9.8167    5.9543
 9.7370   -9.4364   -9.7363
-9.6600    4.1906    4.8145
-9.2041    8.1031    2.2696
 6.0866    7.3166    3.1157
 7.1958   -7.6166    1.6921
 1.3251    9.1055   -1.2581
 5.0823   -1.1820    1.9266
 0.3903    7.5152    0.1297
 1.7181    7.2990    0.9053
-6.1853   -2.8970    6.0012
 0.0688    2.6229   -0.0598
-8.9817    7.2910   -4.7937
-8.8781   -9.5802    8.7711
-3.2961   -8.4636    1.8872
 2.6181   -2.4657   -2.0425
 7.8396   -7.0161    5.8264
 3.4679   -9.3181   -3.4482
 3.7053    5.6450    2.9760
 3.9149   -3.4551   -3.7241
 5.9966    6.3495    5.9834
 3.2121   -6.5276    3.1166
 0.3987    3.5224   -0.3702
-3.3653    7.5120   -1.1285
 8.6835    5.1431    3.6256
-5.0705   -5.4075   -3.2474
 0.2241   -2.8211   -0.2127
 4.8064   -2.7367   -4.4178
-4.9166   -4.6511    0.3010
 6.9117   -3.2539   -6.8681
 0.7631   -8.2608   -0.3019
 8.2027   -0.9688    4.6451
-2.9859   -0.9067   -1.8403
 8.7065   -9.4193   -8.7064
 8.5544    2.7420   -7.8806
 1.7540   -8.8108   -1.4337
-7.9648   -6.6161   -7.5275
-2.6625    3.6936    2.2670
-4.4831    1.0913   -2.0680
-4.6780   -9.8793    4.2031
-5.4692   -4.2383    2.4969
-9.9736   -2.4678    7.7938
 7.8601   -7.0701    5.5493
-0.9300   -8.5093    0.5668
 1.5684   -0.7851    1.1093
-3.6879   -2.5921    3.1450
 9.8803    6.4912    9.6674
 9.6779    0.7507    7.0765
 9.2910    6.3503    9.2700
 3.3253   -0.7924    2.3349
 4.5232   -9.7193   -4.3284
-3.3191   -9.9003    2.9508
 0.4555   -6.6755    0.4209
-4.5329   -2.6812    4.0610
 4.3676    4.3642   -1.4902
 5.5604   -6.8115    4.8022
-8.3787   -4.4246    2.3784